kinematics:
  shoulder:
    x: 0
    y: 0
    z: 0.12813214073557302
    roll: -0
    pitch: 0
    yaw: -4.600075976405784e-05
  upper_arm:
    x: -2.5843540316821239e-05
    y: 0
    z: 0
    roll: 1.5707890253672394
    pitch: 0
    yaw: -3.3188641327175361e-05
  forearm:
    x: -0.61245357103705256
    y: 0
    z: 0
    roll: 3.1395029688185687
    pitch: 3.140864915715639
    yaw: -3.1415435494301933
  wrist_1:
    x: -0.57112677452733285
    y: 0.00080028039966870395
    z: 0.16373573222210083
    roll: 3.1367050580950622
    pitch: -3.1414217390154962
    yaw: -3.1415526218932897
  wrist_2:
    x: 5.9924532188357006e-05
    y: -0.11570734801183179
    z: 8.6785531534652e-07
    roll: 1.5707888263609981
    pitch: 0
    yaw: 1.7179661218335743e-05
  wrist_3:
    x: 5.8112344492152966e-05
    y: 0.092269653197407625
    z: 3.1998790752986834e-05
    roll: 1.5711431232589703
    pitch: 3.1415926535897931
    yaw: 3.1415594643938363
  hash: calib_17830497908274643705